"0","source(""./code/not_functions/libraries.R"")"
"0","source(""./code/functions/f.read_excel_allsheets.R"")"
"0","source(""./code/functions/f.static.map.R"")"
